0 0.782813 0.092188 0.053125 0.053125
0 0.953125 0.226562 0.093750 0.078125
0 0.832812 0.332813 0.115625 0.090625
0 0.693750 0.346875 0.081250 0.093750
0 0.500000 0.446875 0.281250 0.206250
0 0.217188 0.318750 0.109375 0.081250
0 0.096875 0.379688 0.131250 0.096875
0 0.040625 0.181250 0.068750 0.068750
0 0.151562 0.121875 0.059375 0.037500
0 0.295312 0.057813 0.040625 0.034375
0 0.239063 0.060937 0.028125 0.028125
0 0.410938 0.187500 0.090625 0.081250
0 0.600000 0.267188 0.093750 0.078125
0 0.659375 0.160938 0.068750 0.065625
0 0.595313 0.135937 0.065625 0.053125
0 0.537500 0.068750 0.031250 0.031250
0 0.562500 0.065625 0.018750 0.031250
0 0.390625 0.326562 0.106250 0.084375
0 0.115625 0.250000 0.050000 0.062500
