0 0.742188 0.634375 0.209375 0.218750
0 0.807813 0.443750 0.196875 0.193750
0 0.892188 0.287500 0.178125 0.218750
0 0.712500 0.220312 0.187500 0.178125
0 0.545312 0.360938 0.190625 0.196875
0 0.068750 0.617188 0.131250 0.190625
0 0.229687 0.568750 0.196875 0.231250
0 0.492188 0.584375 0.203125 0.225000
0 0.256250 0.346875 0.212500 0.193750
0 0.090625 0.343750 0.175000 0.175000
0 0.107813 0.165625 0.178125 0.175000
0 0.115625 0.051562 0.156250 0.096875
0 0.298438 0.059375 0.153125 0.112500
0 0.464062 0.084375 0.190625 0.162500
0 0.318750 0.201563 0.175000 0.196875
0 0.784375 0.065625 0.175000 0.125000
0 0.901563 0.123438 0.190625 0.203125
0 0.956250 0.564063 0.087500 0.134375
