0 0.456250 0.131250 0.275000 0.243750
0 0.659375 0.378125 0.137500 0.137500
0 0.495312 0.543750 0.271875 0.168750
0 0.675000 0.568750 0.081250 0.081250
0 0.825000 0.528125 0.087500 0.087500
0 0.948438 0.521875 0.103125 0.143750
0 0.951562 0.329688 0.096875 0.084375
0 0.120313 0.396875 0.159375 0.131250
0 0.028125 0.496875 0.050000 0.050000
0 0.095312 0.500000 0.071875 0.056250
0 0.178125 0.498437 0.075000 0.053125
0 0.251563 0.523438 0.059375 0.046875
0 0.334375 0.435937 0.068750 0.059375
0 0.443750 0.360938 0.100000 0.065625
0 0.487500 0.307812 0.093750 0.065625
0 0.734375 0.270313 0.087500 0.071875
0 0.807813 0.242188 0.084375 0.071875
0 0.710938 0.190625 0.278125 0.143750
0 0.667188 0.301563 0.078125 0.071875
0 0.142187 0.093750 0.265625 0.181250
0 0.637500 0.064062 0.175000 0.121875
0 0.164062 0.234375 0.153125 0.150000
0 0.267188 0.218750 0.190625 0.237500
0 0.592187 0.215625 0.096875 0.118750
0 0.850000 0.440625 0.125000 0.131250
