0 0.106250 0.878125 0.175000 0.131250
0 0.340625 0.848437 0.181250 0.115625
0 0.459375 0.754687 0.156250 0.153125
0 0.629687 0.864062 0.140625 0.121875
0 0.695312 0.734375 0.121875 0.131250
0 0.837500 0.854688 0.143750 0.121875
0 0.945312 0.693750 0.109375 0.093750
0 0.962500 0.879687 0.075000 0.134375
0 0.695312 0.579688 0.178125 0.146875
0 0.817187 0.654687 0.134375 0.109375
0 0.921875 0.551562 0.156250 0.128125
0 0.800000 0.384375 0.150000 0.150000
0 0.945312 0.371875 0.109375 0.118750
0 0.840625 0.220312 0.137500 0.128125
0 0.948438 0.051562 0.103125 0.096875
0 0.967187 0.243750 0.065625 0.118750
0 0.692187 0.098437 0.140625 0.121875
0 0.634375 0.223438 0.143750 0.128125
0 0.507812 0.326562 0.178125 0.134375
0 0.643750 0.442188 0.143750 0.115625
0 0.421875 0.551562 0.143750 0.121875
0 0.534375 0.612500 0.131250 0.131250
0 0.365625 0.668750 0.131250 0.087500
0 0.212500 0.685937 0.143750 0.140625
0 0.067187 0.739062 0.128125 0.121875
0 0.062500 0.534375 0.118750 0.118750
0 0.101562 0.407813 0.134375 0.121875
0 0.106250 0.251563 0.175000 0.165625
0 0.065625 0.104688 0.125000 0.109375
0 0.209375 0.060937 0.150000 0.115625
0 0.360938 0.040625 0.103125 0.075000
0 0.459375 0.110937 0.156250 0.146875
0 0.332813 0.209375 0.165625 0.112500
0 0.832812 0.037500 0.103125 0.068750
0 0.370312 0.362500 0.115625 0.100000
0 0.237500 0.317188 0.131250 0.096875
0 0.251563 0.523438 0.140625 0.128125
